100,95,,9
,,92,70
,,68,57
100,95,11,48,
81,95,66,92,66
,,20,,33
3, -3, 3
50,,,50
45,88,,62,
44,65,27,70,10
88,94,48,74,6
,75,95,
88,,61,63,62
,10,92,12
,,,,21
,86,89,,
27,,16,89
62,92,37,52,
0
14,29,55,73,20
18,,84,2,43
,93
,16,63,
,,,100
96,22,65,93,75,98,36
,88,17,63,85
0,0
5,49,31,40,60
9.3
6,75,,55,8
19,79,21,74,20
95,30,50,,58
42,28,5,25,59,30,43
, 7, 9.3, ,
,77,74
96,,75
73,35,67,7,80
48,92,40,60,
10,,74
9,88,,14,20
100,,15
,,,31,91
75,90,44,,10
69,,50,53,41
69,,,,
89,78,48,25,17,49,83
76,93,28,66,47
 
